==============================================
AgentBoaParty:17.292643528120827
TheNegotiator:16.450050108923854
BRAMAgent:16.01701978602661
NiceTitForTat:15.778354019851532
BoulwareNegotiationParty:15.388743591953872
BinarySearchParty:14.784137496784956
BSMCTS:14.751666424638234
KLH:14.344754232756905
IAMhaggler2012:14.172133931276328
BayesianAgent:13.291993925062163
ConcederNegotiationParty:12.94453619337406


============= RANKING ============= With sigmoid
BRAMAgent:11.34046845065508
TheNegotiator:11.179539046646653
AgentBoaParty:10.663057126789887
BinarySearchParty:10.636659743889066
NiceTitForTat:10.577513911596881
KLH:10.450165498917308
IAMhaggler2012:9.68970451874943
BayesianAgent:9.563107411061889


============= RANKING ============= Initial settings with only hard opponents
TheNegotiator:11.197071245665814
AgentBoaParty:11.055552979343986
BRAMAgent:10.814428675876291
BinarySearchParty:10.607226660224708
NiceTitForTat:10.480052533256826
BayesianAgent:9.371413791443203
IAMhaggler2012:8.781505329531168
KLH:7.581519219069131